cena minimalna: 69 zł

7732902933
8063508942
8075234912
14306767693
7732904570
8100823486
10662339661
15053409113
10037211664
10143974719
11829471168
15053408831
4900354208
6445837224
7127049256
7223436427
7732926976
8049286509
8049292658
8502290787
8702977847
10550901527
10748620394
10922559206
11098190159
11842390939
11946611475
12306007172
12907923021
13186650875
13327739142
13881560445
13896743604
13896849610
13896916121
13896923934
13952070391
14464735204
14758176610
14929563441
14998871128
15077863194
15564078240
15766376481
16048789255
16528675044
16640250603
17105547154
17219420885
17406315056
17526936658
17559672131
17575033619
17606542268
17705554899
17264977861
15377245686
15417546221
17705601970
13186650875
14505399904
9194324675
8610713694
9949875832
17606542157
17616181132
17368481870






















