cena minimalna: 129 zł

7969232904
17301272240
6445835414
7766922039
8702968722
13322523595
14587207971
14998871275
17173586089
17345964430
17346009006
17368409985
17368599643
13650165710
7995565205
10662339559
11872843318
14312394683
7223466394
7727559944
7734642223
7852276211
8048885103
8702989108
8702994831
8703015267
10097206052
10138400318
10638000123
10848104795
10922525985
11946398715
13247787213
13247806864
13575828134
13575832625
13694960417
13843981125
13911353701
13952076597
14299032656
14379196943
14464735149
15154898880
15184240321
16207338206
16718202733
16883486401
17560051458
17705555007
8380996118
8381001832
17368125618
15665974931
15670715462
15689765440



































