cena minimalna: 98 zł

9789331594
9910685870
7969116743
14993221109
14993221109
14993221427
17009473802
13630727092
16364865053
16818370643
16823461400
17234812469
17591828788
9778058598
9868540944
9868588942
11947017299
13448965828
16818370643
14993244083
17294464081
17705579180
9868316264
17705601828
6903885171
15665843934
15665973454
15689764658
16720583472
17221498755
15471345748
15670713589
16720072676
15471549531
15471549628
15482719824
9789331594
14993221427



